408 1003
0 1 2 3 4 5 6 7 8 9 10 11 12 13 14 15 16 17 18 19 20 21 22 23 24 25 26 27 28 29 30 31 32 33 34 35 36 37 38 39 40 41 42 43 44 45 46 47 48 49 50 51 52 53 54 55 56 57 58 59 60 61 62 63 64 65 66 67 68 69 70 71 72 73 74 75 76 77 78 79 80 81 82 83 84 85 86 87 88 89 90 91 92 93 94 95 96 97 98 99 100 101 102 103 104 105 106 107 108 109 110 111 112 113 114 115 116 117 118 119 120 121 122 123 124 125 126 127 128 129 130 131 132 133 134 135 136 137 138 139 140 141 142 143 144 145 146 147 148 149 150 151 152 153 154 155 156 157 158 159 160 161 162 163 164 165 166 167 168 169 170 171 172 173 174 175 176 177 178 179 180 181 182 183 184 185 186 187 188 189 190 191 192 193 194 195 196 197 198 199 200 201 202 203 204 205 206 207 208 209 210 211 212 213 214 215 216 217 218 219 220 221 222 223 224 225 226 227 228 229 230 231 232 233 234 235 236 237 238 239 240 241 242 243 244 245 246 247 248 249 250 251 252 253 254 255 256 257 258 259 260 261 262 263 264 265 266 267 268 269 270 271 272 273 274 275 276 277 278 279 280 281 282 283 284 285 286 287 288 289 290 291 292 293 294 295 296 297 298 299 300 301 302 303 304 305 306 307 308 309 310 311 312 313 314 315 316 317 318 319 320 321 322 323 324 325 326 327 328 329 330 331 332 333 334 335 336 337 338 339 340 341 342 343 344 345 346 347 348 349 350 351 352 353 354 355 356 357 358 359 360 361 362 363 364 365 366 367 368 369 370 371 372 373 374 375 376 377 378 379 380 381 382 383 384 385 386 387 388 389 390 391 392 393 394 395 396 397 398 399 400 401 402 403 404 405 406 407 408 409 410 411 412 413 414 415 416 417 418 419 420 421 422 423 424 425 426 427 428 429 430 431 432 433 434 435 436 437 438 439 440 441 442 443 444 445 446 447 448 449 450 451 452 453 454 455 456 457 458 459 460 461 462 463 464 465 466 467 468 469 470 471 472 473 474 475 476 477 478 479 480 481 482 483 484 485 486 487 488 489 490 491 492 493 494 495 496 497 498 499 500 501 502 503 504 505 506 507 508 509 510 511 512 513 514 515 516 517 518 519 520 521 522 523 524 525 526 527 528 529 530 531 532 533 534 535 536 537 538 539 540 541 542 543 544 545 546 547 548 549 550 551 552 553 554 555 556 557 558 559 560 561 562 563 564 565 566 567 568 569 570 571 572 573 574 575 576 577 578 579 580 581 582 583 584 585 586 587 588 589 590 591 592 593 594 595 596 597 598 599 600 601 602 603 604 605 606 607 608 609 610 611 612 613 614 615 616 617 618 619 620 621 622 623 624 625 626 627 628 629 630 631 632 633 634 635 636 637 638 639 640 641 642 643 644 645 646 647 648 649 650 651 652 653 654 655 656 657 658 659 660 661 662 663 664 665 666 667 668 669 670 671 672 673 674 675 676 677 678 679 680 681 682 683 684 685 686 687 688 689 690 691 692 693 694 695 696 697 698 699 700 701 702 703 704 705 706 707 708 709 710 711 712 713 714 715 716 717 718 719 720 721 722 723 724 725 726 727 728 729 730 731 732 733 734 735 736 737 738 739 740 741 742 743 744 745 746 747 748 749 750 751 752 753 754 755 756 757 758 759 760 761 762 763 764 765 766 767 768 769 770 771 772 773 774 775 776 777 778 779 780 781 782 783 784 785 786 787 788 789 790 791 792 793 794 795 796 797 798 799 800 801 802 803 804 805 806 807 808 809 810 811 812 813 814 815 816 817 818 819 820 821 822 823 824 825 826 827 828 829 830 831 832 833 834 835 836 837 838 839 840 841 842 843 844 845 846 847 848 849 850 851 852 853 854 855 856 857 858 859 860 861 862 863 864 865 866 867 868 869 870 871 872 873 874 875 876 877 878 879 880 881 882 883 884 885 886 887 888 889 890 891 892 893 894 895 896 897 898 899 900 901 902 903 904 905 906 907 908 909 910 911 912 913 914 915 916 917 918 919 920 921 922 923 924 925 926 927 928 929 930 931 932 933 934 935 936 937 938 939 940 941 942 943 944 945 946 947 948 949 950 951 952 953 954 955 956 957 958 959 960 961 962 963 964 965 966 967 968 969 970 971 972 973 974 975 976 977 978 979 980 981 982 983 984 985 986 987 988 989 990 991 992 993 994 995 996 997 998 999 1000 1001 1002 
168 83 0 1
16841 79 168 0
16842 73 16841 0
16843 65 0 16842
16844 64 16843 0
16845 63 16844 0
16846 63 16843 0
16847 57 16845 16846
16848 55 0 16847
16033 81 0 168
16849 79 16033 0
16850 73 16849 0
16851 65 0 16850
16852 64 16851 0
16853 63 16852 0
16854 63 16851 0
16855 57 16853 16854
16856 55 0 16855
16857 54 16848 16856
16858 52 0 16857
16859 51 0 16858
16860 50 0 16859
16861 49 16860 0
16862 48 16861 0
16863 47 16862 0
16864 46 16863 0
16865 45 16864 0
16866 44 16865 0
16867 43 16866 0
16868 49 0 16860
16869 48 16868 16861
16870 47 16862 16869
16871 46 16870 0
16872 45 16871 0
16873 73 0 16841
16874 65 0 16873
16875 64 16874 0
16876 63 16875 0
16877 63 16874 0
16878 57 16876 16877
16879 55 0 16878
16880 73 0 16849
16881 65 0 16880
16882 64 16881 0
16883 63 16882 0
16884 63 16881 0
16885 57 16883 16884
16886 55 0 16885
16887 54 16879 16886
16888 52 0 16887
16889 51 0 16888
16890 50 0 16889
16891 49 16890 0
16892 48 16891 0
16893 49 0 16890
16894 48 16893 16891
16895 47 16892 16894
16896 46 0 16895
16897 46 16870 16895
16898 45 16896 16897
16899 44 16872 16898
16900 43 0 16899
16901 42 16867 16900
16902 41 16901 0
16903 40 16902 0
16904 39 16903 0
16905 41 0 16901
16906 40 16905 16901
16907 39 16906 16901
16908 38 16904 16907
16909 37 0 16908
16910 36 16909 0
16911 35 16910 0
16912 34 16911 0
16913 33 16912 0
16914 32 16913 0
16395 73 168 0
16396 65 0 16395
16397 64 16396 0
16548 63 16397 0
16549 63 16396 0
16550 57 16548 16549
16551 55 0 16550
16400 73 16033 0
16401 65 0 16400
16402 64 16401 0
16552 63 16402 0
16553 63 16401 0
16554 57 16552 16553
16555 55 0 16554
16556 54 16551 16555
16557 52 0 16556
16558 51 0 16557
16559 50 0 16558
16560 49 16559 0
16561 48 16560 0
16562 47 16561 0
16563 46 16562 0
16564 45 16563 0
16565 44 16564 0
16566 43 16565 0
16567 49 0 16559
16568 48 16567 16560
16569 47 16561 16568
16570 46 16569 0
16571 45 16570 0
16129 73 0 168
16130 65 0 16129
16302 64 16130 0
16650 63 16302 0
16651 63 16130 0
16652 57 16650 16651
16653 55 0 16652
16132 73 0 16033
16133 65 0 16132
16305 64 16133 0
16654 63 16305 0
16655 63 16133 0
16656 57 16654 16655
16657 55 0 16656
16658 54 16653 16657
16659 52 0 16658
16660 51 0 16659
16661 50 0 16660
16662 49 16661 0
16663 48 16662 0
16664 49 0 16661
16665 48 16664 16662
16666 47 16663 16665
16667 46 0 16666
16737 46 16569 16666
16738 45 16667 16737
16739 44 16571 16738
16740 43 0 16739
16741 42 16566 16740
16742 41 16741 0
16743 40 16742 0
16744 39 16743 0
16745 41 0 16741
16746 40 16745 16741
16747 39 16746 16741
16748 38 16744 16747
16749 37 0 16748
16755 36 0 16749
16915 36 16909 16749
16916 35 16755 16915
16917 34 16916 16915
16918 33 16917 16915
16919 32 16918 16915
16920 31 16914 16919
16921 30 0 16920
16922 29 16921 0
16923 28 16922 0
16924 27 16923 0
16925 26 16924 0
16926 25 16925 0
16927 24 16926 0
16928 23 16927 0
16929 22 16928 0
16930 21 16929 0
16931 29 0 16921
16932 57 16844 16843
16933 55 0 16932
16934 57 16852 16851
16935 55 0 16934
16936 54 16933 16935
16937 52 0 16936
16938 51 0 16937
16939 50 0 16938
16940 49 16939 0
16941 48 16940 0
16942 47 16941 0
16943 46 16942 0
16944 45 16943 0
16945 44 16944 0
16946 43 16945 0
16947 49 0 16939
16948 48 16947 16940
16949 47 16941 16948
16950 46 16949 0
16951 45 16950 0
16952 57 16875 16874
16953 55 0 16952
16954 57 16882 16881
16955 55 0 16954
16956 54 16953 16955
16957 52 0 16956
16958 51 0 16957
16959 50 0 16958
16960 49 16959 0
16961 48 16960 0
16962 49 0 16959
16963 48 16962 16960
16964 47 16961 16963
16965 46 0 16964
16966 46 16949 16964
16967 45 16965 16966
16968 44 16951 16967
16969 43 0 16968
16970 42 16946 16969
16971 41 16970 0
16972 40 16971 0
16973 39 16972 0
16974 41 0 16970
16975 40 16974 16970
16976 39 16975 16970
16977 38 16973 16976
16978 37 0 16977
16979 36 16978 0
16980 35 16979 0
16981 34 16980 0
16982 33 16981 0
16983 32 16982 0
16398 57 16397 16396
16399 55 0 16398
16403 57 16402 16401
16404 55 0 16403
16405 54 16399 16404
16406 52 0 16405
16407 51 0 16406
16408 50 0 16407
16409 49 16408 0
16410 48 16409 0
16411 47 16410 0
16412 46 16411 0
16413 45 16412 0
16414 44 16413 0
16415 43 16414 0
16416 49 0 16408
16417 48 16416 16409
16418 47 16410 16417
16419 46 16418 0
16420 45 16419 0
16303 57 16302 16130
16304 55 0 16303
16306 57 16305 16133
16307 55 0 16306
16308 54 16304 16307
16309 52 0 16308
16310 51 0 16309
16311 50 0 16310
16312 49 16311 0
16313 48 16312 0
16319 49 0 16311
16320 48 16319 16312
16321 47 16313 16320
16324 46 0 16321
16772 46 16418 16321
16773 45 16324 16772
16774 44 16420 16773
16775 43 0 16774
16776 42 16415 16775
16777 41 16776 0
16778 40 16777 0
16779 39 16778 0
16780 41 0 16776
16781 40 16780 16776
16782 39 16781 16776
16783 38 16779 16782
16784 37 0 16783
16790 36 0 16784
16984 36 16978 16784
16985 35 16790 16984
16986 34 16985 16984
16987 33 16986 16984
16988 32 16987 16984
16989 31 16983 16988
16990 30 0 16989
16991 28 16931 16990
16992 28 16921 16990
16993 27 16991 16992
16994 26 16993 16992
16995 25 16994 16992
16996 24 16995 16992
16997 23 16996 16992
16998 22 16997 16992
16999 21 16998 16992
17000 20 16930 16999
17001 19 17000 0
17002 18 17001 0
17003 17 17002 0
17004 19 0 17000
17005 18 17004 17000
17006 17 17005 17000
17007 16 17003 17006
17008 15 17007 0
17009 14 17008 0
17010 13 17009 0
17011 12 17010 0
17012 11 17011 0
17013 10 17012 0
17014 9 17013 0
17015 15 0 17007
17016 44 0 16896
17017 43 0 17016
17018 42 0 17017
17019 41 17018 0
17020 40 17019 0
17021 39 17020 0
17022 41 0 17018
17023 40 17022 17018
17024 39 17023 17018
17025 38 17021 17024
17026 37 0 17025
17027 36 17026 0
17028 35 17027 0
17029 34 17028 0
17030 33 17029 0
17031 32 17030 0
16668 44 0 16667
16669 43 0 16668
16670 42 0 16669
16671 41 16670 0
16672 40 16671 0
16673 39 16672 0
16674 41 0 16670
16675 40 16674 16670
16676 39 16675 16670
16677 38 16673 16676
16678 37 0 16677
16684 36 0 16678
17032 36 17026 16678
17033 35 16684 17032
17034 34 17033 17032
17035 33 17034 17032
17036 32 17035 17032
17037 31 17031 17036
17038 30 0 17037
17039 29 17038 0
17040 28 17039 0
17041 27 17040 0
17042 26 17041 0
17043 25 17042 0
17044 24 17043 0
17045 23 17044 0
17046 22 17045 0
17047 21 17046 0
17048 29 0 17038
17049 44 0 16965
17050 43 0 17049
17051 42 0 17050
17052 41 17051 0
17053 40 17052 0
17054 39 17053 0
17055 41 0 17051
17056 40 17055 17051
17057 39 17056 17051
17058 38 17054 17057
17059 37 0 17058
17060 36 17059 0
17061 35 17060 0
17062 34 17061 0
17063 33 17062 0
17064 32 17063 0
16480 44 0 16324
16481 43 0 16480
16482 42 0 16481
16483 41 16482 0
16484 40 16483 0
16485 39 16484 0
16486 41 0 16482
16487 40 16486 16482
16488 39 16487 16482
16489 38 16485 16488
16490 37 0 16489
16496 36 0 16490
17065 36 17059 16490
17066 35 16496 17065
17067 34 17066 17065
17068 33 17067 17065
17069 32 17068 17065
17070 31 17064 17069
17071 30 0 17070
17072 28 17048 17071
17073 28 17038 17071
17074 27 17072 17073
17075 26 17074 17073
17076 25 17075 17073
17077 24 17076 17073
17078 23 17077 17073
17079 22 17078 17073
17080 21 17079 17073
17081 20 17047 17080
17082 19 17081 0
17083 18 17082 0
17084 17 17083 0
17085 19 0 17081
17086 18 17085 17081
17087 17 17086 17081
17088 16 17084 17087
17089 14 17015 17088
17090 14 17007 17088
17091 13 17089 17090
17092 12 17091 17090
17093 11 17092 17090
17094 10 17093 17090
17095 9 17094 17090
17096 8 17014 17095
17097 7 17096 0
17098 6 17097 0
17099 5 17098 0
17100 7 0 17096
17101 6 17100 17096
17102 5 17101 17096
17103 4 17099 17102
17104 3 0 17103
17105 2 0 17104
17107 1 0 17105
