10	145510	40910	17610	26510	32310	335
15	7815	16415	13715	21215	32915	311
20	9920	7920	14020	24220	38120	897
25	10125	9925	16225	55825	95725	1998
30	17730	21530	36730	29830	37930	1507
35	6835	11835	39835	47335	139235	29462
40	7940	12140	39040	50640	471740	29761
45	221145	66045	66945	141945	489945	24637
50	112950	67550	70850	184250	1018050	48932
60	21860	84360	1602660	12514360
70	135870	108270	490470	18666370
80	155880	108180	12304980	5010780
90	242490	2526990
100	2082100	7451100100100100100100100100100100100100100100100100100100100100100100100100100100100100100100100100100100100100100100100100100100100100100100100100100100100100100100100100100100100100100100100100100100100100100100100100100100100100100100100100100100100100100100100100100100100100100100100100100100100100100100100100100100100100100100100100100100100100100100100100100100100100100100100100100100100100100100100100100100100100100100100100100100100100100100100100100100100100100100100100100100100100100100100100100100100100100100100100100100100100100100100100100100100100100100100100100100100100100100100	858100100100100100100100100100100100100100100100100100100100100100100100100100100100100100100100100100100100100100100100100100100	41	11	16	11	15	14	18	19100	169	109	127	15	13	22	14	18	13	11	16	14	18	15	15	14	17	16	17	11	19	15	17	21	9	31	14	11	10	24	21	23	22	11	9	25	23	22	10	12	12	51	24	27	13	11	17	16	41	12	24	19	12	38	13	16	15	18	20100	17	17	16	38	15	24	14	17	12	13	17	16	17	15	19	16	18	17	11	11	141	14	15	13	14	17	17	25	10	25	22	24	22	11	94	18	17	21	12	13	34	52	12	11	18	12	21	37	16	19	24	19	10	29	12	146	204	17	18100	14	16	14	31	13	20	29	16	12	10	16	15	16	15	35	13	15	16	11	9	16	117	14	14	11	31	15	11	10	23	21	22	21	10	9	20	19	21	11	12	11	47	10	10	12	10	19	19	12	12	28	74	50	74	31	82	36	82	74100	65	41	79	59	64	76	63	98	12	60	53	25	34	38	53	175	21	13	30	23	237	45	48	14	39	50	29	20	20	43	69	63	28	53	7	36	43	106	9	66	9	194	22	45	9	26	31	41	33	25	91	150	63	72	49	77	72	86	75100	68	71	14	661	240	50	54	97	61	58	58	36	72	41	196	37	14	44	121	77	54	85	56	150	70	34	98	60	50	24	74	45	32	28	10	9	86	33	9	9	51	26	70	13	28	102	49	56	28	21	16	17	16100	14	29	22	11	16	13	15	15	17	19100	13	17	14	15	13	21	13	15	9	9	14	13	15	12	14	12	14	14	10	11	13	12	14	12	10	14	13	9	8	21	18	18	17	9	8	44	32	18	8	9	9	50	8	8	108	9	16	17	12	11	21	560	123	82	107	178	484	164	77	87100	80	54	89	58	41	258	45	125	44	23	38	51	64	85	58	59	247	295	37	66	115	96	124	27	62	53	70	134	76	38	79	105	61	33	24	88	36	31	8	43	69	252	108	8	85	29	57	61	11	18	76	126	352	149	53	136	71	78	84100	73	63	50	154	80	70	110	71	58	68	80	63	65	32	32	81	181	31	39	102	58	38	56	153	33	75	43	50	52	117	42	95	97	20	42	55	65	52	25	50	29	170	8	9	10	27	62	14	11	19	79	325	203	92	90	118	97	92	83100	56	36	43	88	55	74	238	74	19	58	49	127	59	46	51	53	31	38	28	31	61	46	47	67	31	74	24	37	58	62	87	58	168	49	49	57	65	20	26	10	52	210	8	23	9	62	80	49	36	10	65	83	40	90	51	46	97	72	87100	72	85	110	65	70	99	54	71	101	63	27	44	15	73	79	71	93	30	147	173	32	113	53	101	32	80	100	39	33	181	58	75	49	9	44	74	215	36	90	26	20	325	195	96	68	51	26	209	55	13	87	111	74	140	69	131	81	97	60100	60	65	70	63	70	140	43	53	75	70	45	59	54	30	73	220	296	54	50	37	112	79	99	72	36	39	229	54	27	107	120	93	125	303	29	58	41	34	71	39	39	218	103	12	14	43	86	48	15	39	144	38	21	23	18	70	77	33	37100	15	23	16	16	54	38	80	76	70	60	85	41	65	41	78	65	51	82	58	20	18	71	51	53	37	63	32	56	39	105	192	67	83	35	57	78	136	35	75	75	27	209	45	26	67	30	76	80	52	13	102	111	33	218	120	408	469	1118	755100	124	82	126	141	118	60	51	72	87	30	45	42	35	98	88	63	67	291	75	51	87	62	79	40	47	132	251	70	25	156	101	88	253	52	33	164	453	129	37	54	119	175	30	85	41	45	99	56	86	17	88	44	44	64	31	75	36	113	40100	66	49	22	71	106	82	72	86	65	64	51	35	75	20	60	24	50	44	82	72	193	79	88	37	57	65	54	32	41	119	110	88	96	67	47	53	57	68	83	12	92	205	19	57	50	36	64	22	51	29	127	96	57	98	50	56	68	77	66100	49	80	41	55	69	45	56	82	59	31	53	93	82	51	63	52	15	275	47	53	69	79	76	74	44	58	61	27	75	219	133	39	81	52	27	117	67	65	11	13	68	149	31	25	32	17	393	115	51	94	279	28	30	77	28	65	42	52	52100	38	69	50	29	26	78	70	82	42	25	67	76	227	27	44	12	35	31	44	52	19	39	70	28	32	108	16	41	36	70	19	115	75	32	24	60	61	63	26	12	27	404	51	12	84	13	74	70	14	27	133	93	30	97	34	67	87	65	96100	68	93	40	56	77	94	17	102	60	73	59	67	54	44	39	44	37	167	61	55	49	104	79	102	63	28	48	25	100	90	62	63	62	103	68	73	88	73	56	27	49	121	184	9	65	34	52	33	43	23	98	129	38	78	62	114	118	88100	159	84	107	144	71	62	97	89	63	90	108	71	94	50	108	71	123	58	219	446	83	61	65	140	95	98	93	202	521	34	54	34	56	177	49	62	67	58	119	46	60	82	1872	52	525	66	1650	62	628	35	423	351	51	465	432	23	793	56	361	23	709	49	109	81	99	51	65	115	46	386100	64	15	51	50	49	65	43	96	97	63	67	67	164	46	58	58	63	40	146	71	69	89	69	91	93	28	46	113	386	154	98	54	42	80	66	112	49	188	166	195	20	31	32	36	63	33	25	89	3044	16	127	20	83	56	52	24	37	30	274	70	17	33	26	66	34	300	62	770	50	341	40	371	361	356	330	346	766	1269	360	321	419	89	73	60	138	52	358	66	148	136	83	81100	56	73	15	55	64	65	92	118	45	65	72	35	31	63	59	36	61	63	83	574	89	77	95	93	74	101	75	56	27	160	62	90	116	46	31	128	82	107	24	49	64	236	21	51	36	39	91	79	20	37	53	24	22	16	10	15	14	18	22100	15	16	14	15	15	19	12	13	10	9	13	13	15	17	14	12	14	12	9	8	14	12	134	12	9	14	12	9	9	21	20	40	19	10	10	19	36	19	9	30	10	40	9	9	10	9	14	15	10	10	19	18	11	16	10	16	17	18	21100	14	16	14	15	13	19	12	13	27	8	30	12	14	14	14	12	15	13	9	9	14	14	46	12	9	13	13	9	9	20	20	22	18	9	6	19	16	18	8	9	10	41	8	8	9	9	14	13	36	10	18	20	12	128	206	17	16	18	20100	13	16	14	14	30	393	41	12	19	8	28	12	14	13	14	13	14	13	9	8	31	154	14	12	10	14	12	8	8	19	17	19	18	8	7	19	217	18	8	9	29	43	40	8	10	9	15	14	10	10	174	523	42	19	12	487	19	21	27	21	20	21	15	594	20	60	43	22	37	70	13	23	23	19	17	297	297	304	387	317	299	296	304	690	304	294	294	579	299	322	310	23	21	12	35	22	41	29	25	21	21	18	556	23	27	20	14	21	27	31	25	24	21	18	306	44	27	16	14	23	30	13	28	26	35	18	319	84	21	13	19	24	27	13	24	22	54	18	305	82	21	12	16	29	40	14	25	22	21	21	464	24	37	13	126	21	26	14	24	22	27	19	363	23	21	12	23	20	27	14	42	22	22	18	436	1133	70	57	193	48	110	96	23	82	78	67	347	393	402	1008	981	557	526	680	530	106	62	75	55	144	70	104	76	130	79	558	356	131	77	55	110	118	48	106	83	114	85	754	413	488	443	107	100	90	45	49	105	55	120	77	110	33	657	415	28	100	44	65	110	120	66	82	82	53	55	435	466	443	726	89	47	67	80	63	109	65	92	73	102	82	423	126	91	74	19	82	128	154	69	91	100	75	696	388	52	20	13	68	71	59	65	60	33	76	62	2083	401	55	84	55	15	48	54	70	66	78	79	71	1990	401	31	58	47	34	35	78	73	86	94	53	83	2627	317	37	52	66	57	56	26	64	34	57	21	67	2857	3288	3200	5532	4918	4219	44	12	49	12	34	28	55	33100	31	39	59	16	31	25	94	50	15	56	38	65	24	35	18	33	16	31	28	12	158	84	57	68	13	41	40	35	11	59	25	327	29	18	16	117	32	37	46	83	40	169	11	22	12	45	34	149	99	73	32	19	36	47	23	123	83	36	50	2378	32	45	140	71	1365	39	28	44	69	21	61	30	72	50	67	18	3136	359	385	65	80	13	77	50	47	14	74	31	51	52	2823	318	55	54	13	57	24	61	16	39	52	55	37	5087	534	44	55	85	15	22	28	52	36	23	22	54	409	24	48	12	14	40	51	44	35	34	21	18	344	26	56	44	27	20	27	14	71	30	24	64	2943	8272	7306	9857	4586	7476	11377	4647	6353	6505	4684	5055	524	39	30	207	325	35	29	35	58	56	39	768	10899	2200	114	91	75	81	67	59	76	62	115	82	78	8089	480	100	77	50	15	28	83	40	34	55	26	189	6138	439	63	98	78	65	56	85	27	92	79	69	77	6032	2118	124	96	175	16	82	137	48	84	101	71	78	8833	2005	107	86	42	79	97	129	13	25	53	80	70	7968	398	31	70	51	21	64	27	47	85	54	40	37	6935	315	54	21	12	14	21	26	76	64	68	23	18	6193	372	26	24	56	56	38	63	53	25	26	32	21	5236	469	51	141	14	53	22	38	52	25	48	21	18	4627	2929	132	101	93	81	107	269	60	152	120	89	101	11259	592	77	108	56	61	40	68	13	159	125	63	79	7622	674	54	52	45	54	35	68	27	143	23	58	60	6775	478	61	60	13	14	21	25	14	41	22	94	52	6303	467	24	20	12	47	93	120	13	131	88	79	60	8056	596	43	192	48	49	55	43	21	49	23	19	19	6850	323	25	22	12	14	68	26	51	26	70	21	137	6864	340	23	20	19	14	21	26	24	27	21	135	18	7325	486	22	22	110	14	23	63	15	25	35	61	20	942	907	23	21	13	14	21	29	15	83	22	20	18	885	326	27	28	12	15	24	24	28	55	21	20	18	1308	9749	683	23	20	28	13	24	26	138	25	21	20	17	933	21180	763	24	32	115	15	31	39	43	52	49	77	666	976	22476	24	12	17	11	15	14	17	19100	15	16	13	17	13	20	12	15	9	9	13	152	14	12	13	13	15	13	10	9	13	15	91	12	10	34	12	9	11	20	50	114	19	8	7	19	18	52	66	11	11	41	8	28	12	95	15	20	12	16	76	8	11	17	8	14	13	12	12	796	24011	17	9	9	51	22	28	22	13	21	17	24	20100	14	17	17	29	14	25	19	22	14	12	34	17	25	20	18	17	227	15	13	10	29	15	21	17	13	19	17	15	131	23	23	32	24	11	10	338	19	20	13	16	13	58	12	10	13	11	18	24	16	18	9	11	16	216	10	21	17	18	14	690	20	13	12	26	91	70	53	52	70	25	87	95100	97	58	88	62	51	47	68	84	67	72	80	51	38	87	131	34	42	53	74	53	55	57	66	430	52	57	174	70	48	101	89	111	55	85	27	106	62	53	24	16	59	152	59	305	36	18	105	67	74	70	51	140	272	82	28	70	48	51	46	2914	46	44	23	154	1980	130	379	40	124	89	38	39	63	27	40	51	45	49	33	37	48	59	37	66	52	86	84	80	2664	2448	3583	209	267	210	179	222	114	639	97	157	280	122	129	98	47	66	126	82	84	74	66	56	90	89	5616	4063	1341	513	371	364	3027	546	425	129	71	187	55	96	74	95	137100	62	71	68	55	73	114	65	81	83	82	86	96	100	14	47	54	31	67	40	41	276	292	108	54	60	105	58	77	35	153	287	89	125	46	26	78	106	44	76	144	82	180	42	24	45	37	66	135	116	64	62	47	49	46	49	34	20	21	45	74	103	35	75	38	173	59	89	83	72	13	41	2412	2091	45	19	20	117	778	708	886	430	3083	448	262	331100	95	62	91	88	45	51	97	92	50	56	40	35	64	50	36	64	30	325	253	59	65	94	119	66	28	73	71	145	349	82	91	82	85	37	29	81	53	65	45	34	11	211	34	44	46	70	164	511	126	101	51	116	35	47	123	49	46	25	55	72	74	46	56	384	94	73	37	52	43	67	46	2358	2271	96	38	19	88	45	35	54	11	28	69	41	80100	56	17	28	16	31	68	64	89	391	70	64	52	53	68	72	76	182	369	81	112	96	70	96	52	44	115	441	91	83	114	92	114	122	25	58	113	129	453	90	141	114	488	48	20	88	26	186	110	112	66	101	130	32	51	51	56	75	316	223	424	539	138	83	164	108	71	45	97	99	59	138	9195	2902	101	45	15	386	3087	97	134	28	62	49	58	14	28	16	51	87	55	99	116	45	77	156	137	130	110	43	46	47	2720	2005	440	86	35	92	69	54	12	48	25	31	51	66	36	120	12	70	89	131	34	36	46	85	83	15	2899	2146	20	37	21	11	36	38	18	20100	14	17	14	17	13	20	13	39	12	10	14	14	17	13	15	12	14	14	27	9	14	13	13	12	9	15	14	36	9	20	18	19	18	8	8	18	19	31	27	9	9	49	8	38	10	9	18	21	20	11	12	11	11	9	7	8	10	12	11	17	17	10	8	14	13	12	12	14	14	11	11	392	416	11	10	10	17	523	38	25	19	20	18	11	40	13	14	18	44	25	24	15	12	22	38	19	19	23	19	15	15	19	36	584	563	398	341	303	347	126	73	450	91	16	25	84	147100	37	33	15	15	13	20	12	13	10	9	14	12	33	13	14	13	14	13	10	9	14	12	14	12	10	18	13	9	12	19	19	20	21	8	7	18	17	18	8	10	9	40	8	18	10	8	18	19	20	11	10	11	11	8	7	7	8	12	11	17	16	8	10	16	17	12	12	12	229	11	11	12	35	605	390	44	54	12	16	104	50	87	44	91	89	74	48100	77	85	36	55	28	41	93	16	29	49	47	23	38	48	45	42	23	37	51	30	29	38	14	35	12	15	13	65	8	22	18	127	70	27	10	161	50	18	8	25	10	45	8	31	11	11	18	22	41	13	16	13	12	9	60	97	8	13	16	21	18	10	9	15	17	15	14	14	138	20	14	14	14	719	753	20	12	12	19	3126	1070	2228	4052	2516	978	3468	872	1271	886	1223	2532	2847	8258	1353	937	860	788	137	43	172	236	253	83	82	83100	431	59	49	66	40	64	20	77	55	42	28	75	53	14	26	47	35	39	243	327	26	15	46	91	14	43	57	30	31	8	58	26	33	432	124	8	87	57	39	9	17	10	98	23	9	9	23	34	42	32	12	79	13	13	8	8	8	8	13	33	31	16	12	22	14	17	239	13	13	12	11	12	12	11	958	867	35	10	11	29	112	114	211	113	194	226	217	193100	421	41	50	53	57	62	96	96	73	56	60	61	116	53	86	51	13	15	45	37	31	61	55	134	93	10	85	64	10	10	60	180	291	72	33	41	43	59	68	25	59	9	137	19	9	10	9	53	27	103	39	31	11	70	188	35	55	9	40	33	40	15	67	8	289	15	13	34	25	12	11	33	12	58	7900	1676	12	150	51	29	240	90	250	116	105	75	313	169100	501	84	38	49	29	83	62	55	52	67	47	57	63	55	26	69	58	75	57	48	55	45	100	171	105	63	41	75	30	8	45	22	37	298	9	26	61	113	61	70	82	42	161	26	10	86	63	33	98	53	52	59	38	54	25	11	10	12	53	18	44	52	53	10	19	49	44	16	16	40	32	606	38	24	1569	774	20	12	20	13	27	15	18	20100	180	14	14	13	15	12	19	10	33	39	16	15	16	33100	133	14	14	13	14	13	55	12	14	11	9	37	12	14	12	30	12	14	13	31	9	139	15	47	13	11	14	20	9	8	21	19	19	278	8	8	30	18	19	8	16	10	78	8	39	10	9	15	26	42	12	196	132	12	7	8	8	7	11	11	16	310	8	10	15	20	28	13	15	13	12	160	12	12	768	1285	12	114	11	20	20	13	19	13	16	15	18	131100	489	14	15	166	15	15	95	64	114	60	381	168	124	92100	554	77	37	61	104	13	68	68	106	24	51	43	41	41	54	36	49	52	253	105	55	105	74	62	37	37	71	43	36	76	173	68	79	75	23	54	85	54	57	20	62	43	203	22	48	23	148	24	52	51	14	46	216	21	22	25	10	10	25	32	33	35	77	8	14	16	35	33	33	23	24	11	12	60	1227	1423	72	13	65	17	143	50	79	66	138	63	58	81100	378	42	62	88	48	62	50	173	63	100	88	48	62	34	132	132	54	41	52	21	95	122	43	41	124	141	110	106	175	30	85	37	78	76	18	46	63	78	141	60	108	19	214	26	25	36	40	135	237	83	70	30	35	250	52	45	33	29	85	39	32	20	44	28	182	78	32	82	69	68	720	76	68	12	1712	1659	13	10	30	48	481	92	95	43	88	70	80	58100	380	49	70	35	53	52	74	92	48	59	68	111	104	174	57	662	83	70	62	73	67	226	691	88	46	52	73	40	49	72	119	332	79	111	157	64	124	95	143	308	107	256	2318	123	170	148	242	377	489	243	349	55	854	112	73	46	49	124	138	616	126	69	37	28	167	140	194	543	146	59	79	94	124	79	5634	3420	34	60	127	100	137	123	99	86	119	90	115	104100	530	64	40	91	62	50	78	114	75	64	56	95	90	24	41	52	127	47	59	245	94	122	73	79	76	35	66	47	70	198	102	55	78	73	65	53	28	56	82	276	61	27	168	9	18	51	33	21	306	89	75	38	25	30	23	234	33	47	101	32	69	25	109	63	60	91100	545	83	64	64	48	38	81	77	57	58	42	85	58	45	49	65	45	31	50	56	56	67	56	36	68	11	43	47	27	74	185	68	69	94	89	9	61	75	65	24	33	45	179	8	56	9	55	48	64	70	62	34	57	34	132	18	47	23	43	24	36	41	27	25	47	187	33	30	30	43	24	11	33	27	1619	1409	92	24	52	83	612	256	524	271	510	559	365	504100	1109	57	141	55	90	96	60	48	96	50	99	202	78	185	61	55	37	29	70	53	22	63	90	406	66	46	51	25	39	53	74	661	95	109	43	66	63	53	52	25	9	26	602	19	8	28	40	66	104	238	26	52	25	13	24	7	38	28	331	70	17	70	27	8	39	34	56	159	318	37	23	33	42	47	1770	1218	12	22	33	174	120	88	135	75	117	90	126	59	69	70	66	50	84	62	83	75100	1905	22	53	14	58	90	126	54	111	50	88	98	90	108100	386	71	43	59	35	75	81	25	60	65	22	44	116	96	32	40	44	55	59	254	31	43	80	74	83	65	213	148	59	105	2137	78	127	223	61	32	53	89	103	44	36	44	203	219	44	62	38	44	142	74	29	36	83	63	38	65	33	8	12	48	28	60	58	26	113	72	97	39	34	53	76	36	56	13	3203	2114	12	543	43	140	6594	4315	1022	1320	690	888	508	1508	551	1387	1148	635	505	2539	48	19	29	12	43	15	17	19100	175	13	25	14	14	14	409	31	50	10	8	36	15	16	14	15	12	15	14	25	8	14	12	14	13	10	14	14	10	8	30	19	20	20	9	7	20	17	20	15	10	11	49	8	8	10	10	16	22	20	12	12	13	21	9	8	9	8	13	13	16	15	9	10	15	112	12	13	13	14	11	12	13	12	397	408	11	11	11	19	193	109	193	153	202	164	176	107100	541	61	61	44	56	45	19	13	25	22	22	56	91	22100	251	39	34	13	75	13	20	12	13	61	61	49	39	14	13	30	15	14	15	34	10	16	18	14	13	10	81	25	10	146	21	18	69	18	9	8	18	20	19	10	24	11	44	9	11	10	489	15	20	21	12	12	11	12	8	8	9	14	14	12	16	16	9	10	14	14	13	12	13	13	12	12	12	13	709	686	12	10	11	61	124	135	20	11	17	15	18	20100	141	24	14	13	14	12	19	12	13	9	8	13	12	14	13	13	12	14	14	9	8	14	12	14	13	11	13	101	9	7	19	17	28	19	8	7	18	17	18	8	9	9	39	9	28	9	9	15	24	20	12	11	12	11	8	8	7	8	12	12	15	15	8	8	14	15	11	13	16	12	204	11	11	11	2416	686	13	19	11	30	11	15	15	18	19100	141	14	15	21	15	13	19	12	85	61	33	51	48	41	13	14	34	14	215	10	9	60	13	33	54	10	66	14	9	31	32	73	52	33	8	34	20	18	18	9	10	10	158	23	8	92	9	39	23	40	34	13	42	12	7	19	29	8	13	13	42	18	12	10	459	14	13	16	15	13	11	13	33	13	1128	779	12	10	9	27	102	63	79	51	106	43	92	53	2392	3105	746	863	859	24	38	27	11	72	56	22	55100	282	14	25	32	76	29	73	12	55	51	11	35	34	42	13	14	15	31	26	31	9	26	29	26	185	150	29	36	10	24	66	38	50	20	9	42	20	23	32	8	54	9	70	9	17	31	118	16	21	55	12	11	168	17	8	19	9	8	13	13	17	15	37	8	14	16	13	12	13	12	12	12	12	191	745	695	13	10	10	16	4104	809	832	1431	911	733	840	7850	1507	44	12	58	13	25	17	20	20100	143	27	15	53	15	13	105	12	236	220	77	38	44	14	13	14	12	15	13	61	9	15	12	14	13	10	15	15	10	9	24	20	26	21	25	9	19	18	20	29	27	10	47	9	9	11	10	14	21	23	16	11	13	11	9	8	8	8	12	12	17	16	8	8	14	18	14	13	12	51	11	11	13	13	375	374	230	156	208	152	50	11	21	12	17	17	20	110100	139	14	16	14	14	26	19	12	64	41	64	15	13	33	13	32	13	15	14	9	12	14	13	40	12	11	14	14	20	10	21	22	22	19	9	8	19	20	24	11	10	12	58	11	40	11	11	17	23	21	12	14	15	13	8	8	9	9	14	17	26	19	10	9	15	16	13	14	14	14	13	11	13	18	781	642	12	12	15	51	2178	432	225	45	16	94	53	74	36100	294	54	37	21	57	43	100	52	76	34	33	15	14	40	75	15	33	14	24	22	9	25	53	74	176	10	47	13	44	9	52	22	22	18	8	8	21	16	39	10	14	10	336	28	61	11	9	39	22	51	13	12	13	13	7	7	9	8	14	12	17	16	9	9	15	16	13	13	13	147	11	11	13	12	342	839	13	9	10	18	2374	3298	929	552	961100100100100100100100100100100100100100100100100100100100100100100100100100100100100100100100100100100100100100100100100100100100100100100100100100100100100100100100100100100100100100100100100100100100100100100100100100100100100100100100100100100100100100100100100100100100100100100100100100100100100100100100100100100100100100100100100100100100100100100100100100100100100100100100100100100100100100100100100100100100100